[Info]
Number of Regions=0001
Version=1.3.1

[Region 1]
Region Name=O1s_GPh
Dimension 1 name=Binding Energy [eV]
Dimension 1 size=141
Dimension 1 scale=541 540.95 540.9 540.85 540.8 540.75 540.7 540.65 540.6 540.55 540.5 540.45 540.4 540.35 540.3 540.25 540.2 540.15 540.1 540.05 540 539.95 539.9 539.85 539.8 539.75 539.7 539.65 539.6 539.55 539.5 539.45 539.4 539.35 539.3 539.25 539.2 539.15 539.1 539.05 539 538.95 538.9 538.85 538.8 538.75 538.7 538.65 538.6 538.55 538.5 538.45 538.4 538.35 538.3 538.25 538.2 538.15 538.1 538.05 538 537.95 537.9 537.85 537.8 537.75 537.7 537.65 537.6 537.55 537.5 537.45 537.4 537.35 537.3 537.25 537.2 537.15 537.1 537.05 537 536.95 536.9 536.85 536.8 536.75 536.7 536.65 536.6 536.55 536.5 536.45 536.4 536.35 536.3 536.25 536.2 536.15 536.1 536.05 536 535.95 535.9 535.85 535.8 535.75 535.7 535.65 535.6 535.55 535.5 535.45 535.4 535.35 535.3 535.25 535.2 535.15 535.1 535.05 535 534.95 534.9 534.85 534.8 534.75 534.7 534.65 534.6 534.55 534.5 534.45 534.4 534.35 534.3 534.25 534.2 534.15 534.1 534.05 534

[Info 1]
Region Name=O1s_GPh
Lens Mode=SwiftAcc_HiPP3L
Pass Energy=100
Number of Sweeps=16
Excitation Energy=750
Energy Scale=Binding
Acquisition Mode=Swept
Energy Unit=Kinetic
Center Energy=212.5
Low Energy=209
High Energy=216
Energy Step=0.05
Step Time=30
Detector First X-Channel=1
Detector Last X-Channel=512
Detector First Y-Channel=1
Detector Last Y-Channel=440
Number of Slices=1
File=W:\commissioning\endstation\raw\20200710\XPS_0296.pxt,.txt
Sequence=S:\hippie\commissioning\endstation\raw\20200710\seq_piezo.seq
Spectrum Name=XPS_296
Instrument=HiPP-3L-9676
Location=MaxIV
User=MaxIV
Sample=
Comments=
Date=2020-07-13
Time=00:13:53
Time per Spectrum Channel=63.84
DetectorMode=ADC
[Run Mode Information 1]



[Data 1]
 5.41000000000000E+0002  2.35540332738310E-0001
 5.40950000000000E+0002  2.70154602592811E-0001
 5.40900000000000E+0002  3.46439567394555E-0001
 5.40850000000000E+0002  3.63505868706852E-0001
 5.40800000000000E+0002  2.70143757574260E-0001
 5.40750000000000E+0002  3.35429529892281E-0001
 5.40700000000000E+0002  3.16266954410821E-0001
 5.40650000000000E+0002  2.74356885813177E-0001
 5.40600000000000E+0002  3.64775889553130E-0001
 5.40550000000000E+0002  3.06612795684487E-0001
 5.40500000000000E+0002  3.34827059879899E-0001
 5.40450000000000E+0002  3.21566747501492E-0001
 5.40400000000000E+0002  3.23736675083637E-0001
 5.40350000000000E+0002  3.47646026872098E-0001
 5.40300000000000E+0002  3.40326334349811E-0001
 5.40250000000000E+0002  4.40914973616600E-0001
 5.40200000000000E+0002  4.40507888793945E-0001
 5.40150000000000E+0002  4.31281490251422E-0001
 5.40100000000000E+0002  4.39845861867070E-0001
 5.40050000000000E+0002  4.26411857828498E-0001
 5.40000000000000E+0002  4.39889812842011E-0001
 5.39950000000000E+0002  4.11614079028368E-0001
 5.39900000000000E+0002  3.03785454016179E-0001
 5.39850000000000E+0002  3.26648299582303E-0001
 5.39800000000000E+0002  3.62825259566307E-0001
 5.39750000000000E+0002  2.78987615369260E-0001
 5.39700000000000E+0002  2.67391559202224E-0001
 5.39650000000000E+0002  2.79669615440071E-0001
 5.39600000000000E+0002  2.98380044288933E-0001
 5.39550000000000E+0002  3.91742945183069E-0001
 5.39500000000000E+0002  4.37982568517327E-0001
 5.39450000000000E+0002  3.92003858461976E-0001
 5.39400000000000E+0002  4.96448967605829E-0001
 5.39350000000000E+0002  6.12680170685053E-0001
 5.39300000000000E+0002  6.15403169766068E-0001
 5.39250000000000E+0002  7.43203558027744E-0001
 5.39200000000000E+0002  8.25183020904660E-0001
 5.39150000000000E+0002  8.88254318386316E-0001
 5.39100000000000E+0002  1.09358105435967E+0000
 5.39050000000000E+0002  1.05910818651319E+0000
 5.39000000000000E+0002  9.95597384870052E-0001
 5.38950000000000E+0002  8.95748957991600E-0001
 5.38900000000000E+0002  9.41544886678457E-0001
 5.38850000000000E+0002  9.77078560739756E-0001
 5.38800000000000E+0002  7.98820771276951E-0001
 5.38750000000000E+0002  7.20835171639919E-0001
 5.38700000000000E+0002  8.77634983509779E-0001
 5.38650000000000E+0002  9.08583652228117E-0001
 5.38600000000000E+0002  1.24008038267493E+0000
 5.38550000000000E+0002  1.46008014306426E+0000
 5.38500000000000E+0002  2.06118465214968E+0000
 5.38450000000000E+0002  2.93690048158169E+0000
 5.38400000000000E+0002  4.54494188725948E+0000
 5.38350000000000E+0002  7.26541364192963E+0000
 5.38300000000000E+0002  1.18981422185898E+0001
 5.38250000000000E+0002  1.94161158800125E+0001
 5.38200000000000E+0002  2.76435549259186E+0001
 5.38150000000000E+0002  3.53490438461304E+0001
 5.38100000000000E+0002  4.19637489318848E+0001
 5.38050000000000E+0002  4.28553941249847E+0001
 5.38000000000000E+0002  4.14079046249390E+0001
 5.37950000000000E+0002  3.83110966682434E+0001
 5.37900000000000E+0002  3.40196666717529E+0001
 5.37850000000000E+0002  2.73593451976776E+0001
 5.37800000000000E+0002  2.07579487562180E+0001
 5.37750000000000E+0002  1.51093435883522E+0001
 5.37700000000000E+0002  1.04964191913605E+0001
 5.37650000000000E+0002  6.74842643737793E+0000
 5.37600000000000E+0002  4.81365221738815E+0000
 5.37550000000000E+0002  3.32126130163670E+0000
 5.37500000000000E+0002  2.42209744453430E+0000
 5.37450000000000E+0002  1.85351916402578E+0000
 5.37400000000000E+0002  1.38018196821213E+0000
 5.37350000000000E+0002  1.02325951308012E+0000
 5.37300000000000E+0002  9.33372374624014E-0001
 5.37250000000000E+0002  8.26626360416412E-0001
 5.37200000000000E+0002  8.22871170938015E-0001
 5.37150000000000E+0002  6.31740005686879E-0001
 5.37100000000000E+0002  6.03692885488272E-0001
 5.37050000000000E+0002  5.52442619577050E-0001
 5.37000000000000E+0002  5.03518331795931E-0001
 5.36950000000000E+0002  5.35173292271793E-0001
 5.36900000000000E+0002  4.60193602368236E-0001
 5.36850000000000E+0002  4.87797005102038E-0001
 5.36800000000000E+0002  4.45951831527054E-0001
 5.36750000000000E+0002  3.94009260460734E-0001
 5.36700000000000E+0002  4.45090744644403E-0001
 5.36650000000000E+0002  4.32278282940388E-0001
 5.36600000000000E+0002  4.87236270681024E-0001
 5.36550000000000E+0002  3.92723693978041E-0001
 5.36500000000000E+0002  3.73615939635783E-0001
 5.36450000000000E+0002  3.66301327012479E-0001
 5.36400000000000E+0002  3.10630388557911E-0001
 5.36350000000000E+0002  4.05564847402275E-0001
 5.36300000000000E+0002  3.67823557462543E-0001
 5.36250000000000E+0002  3.27248820103705E-0001
 5.36200000000000E+0002  3.69341437239200E-0001
 5.36150000000000E+0002  2.70396911073476E-0001
 5.36100000000000E+0002  3.33760512992740E-0001
 5.36050000000000E+0002  2.90132903493941E-0001
 5.36000000000000E+0002  2.93167834170163E-0001
 5.35950000000000E+0002  2.83922214061022E-0001
 5.35900000000000E+0002  2.76950893457979E-0001
 5.35850000000000E+0002  2.44764228234999E-0001
 5.35800000000000E+0002  3.38509380351752E-0001
 5.35750000000000E+0002  3.10380308888853E-0001
 5.35700000000000E+0002  2.84502907656133E-0001
 5.35650000000000E+0002  2.40844841580838E-0001
 5.35600000000000E+0002  2.13959038257599E-0001
 5.35550000000000E+0002  3.39705741032958E-0001
 5.35500000000000E+0002  2.80936352442950E-0001
 5.35450000000000E+0002  2.26821671240032E-0001
 5.35400000000000E+0002  3.02466944791377E-0001
 5.35350000000000E+0002  3.32631737925112E-0001
 5.35300000000000E+0002  2.36815866082907E-0001
 5.35250000000000E+0002  2.44073508307338E-0001
 5.35200000000000E+0002  2.23440961446613E-0001
 5.35150000000000E+0002  2.70538529846817E-0001
 5.35100000000000E+0002  3.07263314258307E-0001
 5.35050000000000E+0002  2.64104414731264E-0001
 5.35000000000000E+0002  2.36966326832771E-0001
 5.34950000000000E+0002  2.48954868875444E-0001
 5.34900000000000E+0002  2.54729430424050E-0001
 5.34850000000000E+0002  2.32845497783273E-0001
 5.34800000000000E+0002  1.94122922839597E-0001
 5.34750000000000E+0002  2.33641451690346E-0001
 5.34700000000000E+0002  2.26565140765160E-0001
 5.34650000000000E+0002  2.67122435383499E-0001
 5.34600000000000E+0002  2.61873365147039E-0001
 5.34550000000000E+0002  3.06257358752191E-0001
 5.34500000000000E+0002  2.14669810375199E-0001
 5.34450000000000E+0002  2.09459333214909E-0001
 5.34400000000000E+0002  2.54492275416851E-0001
 5.34350000000000E+0002  2.13599957525730E-0001
 5.34300000000000E+0002  2.66278537921607E-0001
 5.34250000000000E+0002  2.57612979039550E-0001
 5.34200000000000E+0002  2.62211680412292E-0001
 5.34150000000000E+0002  2.61766954325140E-0001
 5.34100000000000E+0002  2.30273570865393E-0001
 5.34050000000000E+0002  2.19353029970080E-0001
 5.34000000000000E+0002  2.64225240331143E-0001

