[Info]
Number of Regions=0001
Version=1.3.1

[Region 1]
Region Name=O1s_GPh
Dimension 1 name=Binding Energy [eV]
Dimension 1 size=71
Dimension 1 scale=541 540.9 540.8 540.7 540.6 540.5 540.4 540.3 540.2 540.1 540 539.9 539.8 539.7 539.6 539.5 539.4 539.3 539.2 539.1 539 538.9 538.8 538.7 538.6 538.5 538.4 538.3 538.2 538.1 538 537.9 537.8 537.7 537.6 537.5 537.4 537.3 537.2 537.1 537 536.9 536.8 536.7 536.6 536.5 536.4 536.3 536.2 536.1 536 535.9 535.8 535.7 535.6 535.5 535.4 535.3 535.2 535.1 535 534.9 534.8 534.7 534.6 534.5 534.4 534.3 534.2 534.1 534

[Info 1]
Region Name=O1s_GPh
Lens Mode=SwiftAcc_HiPP3L
Pass Energy=200
Number of Sweeps=10
Excitation Energy=750
Energy Scale=Binding
Acquisition Mode=Swept
Energy Unit=Kinetic
Center Energy=212.5
Low Energy=209
High Energy=216
Energy Step=0.1
Step Time=60
Detector First X-Channel=1
Detector Last X-Channel=512
Detector First Y-Channel=1
Detector Last Y-Channel=440
Number of Slices=1
File=W:\commissioning\endstation\raw\20200710\XPS_0057.pxt,.txt
Sequence=S:\hippie\commissioning\endstation\raw\20200710\seq_piezo.seq
Spectrum Name=XPS_057
Instrument=HiPP-3L-9676
Location=MaxIV
User=MaxIV
Sample=
Comments=
Date=2020-07-10
Time=20:38:48
Time per Spectrum Channel=80.4
DetectorMode=ADC
[Run Mode Information 1]



[Data 1]
 5.41000000000000E+0002  1.17701962240972E-0001
 5.40900000000000E+0002  1.82338335551322E-0001
 5.40800000000000E+0002  1.45334686618298E-0001
 5.40700000000000E+0002  1.40552242984995E-0001
 5.40600000000000E+0002  1.55888107605278E-0001
 5.40500000000000E+0002  1.49490391835570E-0001
 5.40400000000000E+0002  1.10327262082137E-0001
 5.40300000000000E+0002  1.43375017214566E-0001
 5.40200000000000E+0002  1.45768639631569E-0001
 5.40100000000000E+0002  1.48585124406964E-0001
 5.40000000000000E+0002  1.39699461869895E-0001
 5.39900000000000E+0002  1.24648559649359E-0001
 5.39800000000000E+0002  1.18788145715371E-0001
 5.39700000000000E+0002  1.16616626270115E-0001
 5.39600000000000E+0002  1.88963137567043E-0001
 5.39500000000000E+0002  1.50715203490108E-0001
 5.39400000000000E+0002  1.22356828069314E-0001
 5.39300000000000E+0002  1.20447502238676E-0001
 5.39200000000000E+0002  2.04306159168482E-0001
 5.39100000000000E+0002  2.12980747222900E-0001
 5.39000000000000E+0002  2.38102165982127E-0001
 5.38900000000000E+0002  2.76905248872936E-0001
 5.38800000000000E+0002  2.47065387666225E-0001
 5.38700000000000E+0002  2.93083517812192E-0001
 5.38600000000000E+0002  3.28131750226021E-0001
 5.38500000000000E+0002  4.03970109298825E-0001
 5.38400000000000E+0002  5.42669719085097E-0001
 5.38300000000000E+0002  8.54609947651625E-0001
 5.38200000000000E+0002  1.08713851124048E+0000
 5.38100000000000E+0002  2.01808086037636E+0000
 5.38000000000000E+0002  3.33722501993179E+0000
 5.37900000000000E+0002  4.88989692926407E+0000
 5.37800000000000E+0002  6.66529923677444E+0000
 5.37700000000000E+0002  7.19625872373581E+0000
 5.37600000000000E+0002  5.95060446858406E+0000
 5.37500000000000E+0002  4.70387414097786E+0000
 5.37400000000000E+0002  3.21643859148026E+0000
 5.37300000000000E+0002  1.59982580691576E+0000
 5.37200000000000E+0002  7.65699975192547E-0001
 5.37100000000000E+0002  4.89378428086638E-0001
 5.37000000000000E+0002  3.53947202675045E-0001
 5.36900000000000E+0002  2.17678419314325E-0001
 5.36800000000000E+0002  1.83627322316170E-0001
 5.36700000000000E+0002  1.90332496538758E-0001
 5.36600000000000E+0002  1.42775039421394E-0001
 5.36500000000000E+0002  1.69979120604694E-0001
 5.36400000000000E+0002  1.78395109251142E-0001
 5.36300000000000E+0002  1.64748977578711E-0001
 5.36200000000000E+0002  1.18874256266281E-0001
 5.36100000000000E+0002  1.06697261566296E-0001
 5.36000000000000E+0002  1.71866679564118E-0001
 5.35900000000000E+0002  1.29080784041435E-0001
 5.35800000000000E+0002  7.49748311936855E-0002
 5.35700000000000E+0002  1.62557912990451E-0001
 5.35600000000000E+0002  1.87877663876861E-0001
 5.35500000000000E+0002  1.26212387345731E-0001
 5.35400000000000E+0002  9.77438779082149E-0002
 5.35300000000000E+0002  1.11208538059145E-0001
 5.35200000000000E+0002  1.23912363080308E-0001
 5.35100000000000E+0002  9.80504146505154E-0002
 5.35000000000000E+0002  1.22764236526564E-0001
 5.34900000000000E+0002  1.67176550021395E-0001
 5.34800000000000E+0002  1.20887373341247E-0001
 5.34700000000000E+0002  1.07883290387690E-0001
 5.34600000000000E+0002  1.73148216912523E-0001
 5.34500000000000E+0002  1.66117245797068E-0001
 5.34400000000000E+0002  1.17126211058348E-0001
 5.34300000000000E+0002  1.27289926400408E-0001
 5.34200000000000E+0002  1.29446239297977E-0001
 5.34100000000000E+0002  1.07251325505786E-0001
 5.34000000000000E+0002  6.87867796514183E-0002

