[Info]
Number of Regions=0001
Version=1.3.1

[Region 1]
Region Name=O1s_FE_750
Dimension 1 name=Binding Energy [eV]
Dimension 1 size=61
Dimension 1 scale=1.5 1.45000000000005 1.39999999999998 1.35000000000002 1.29999999999995 1.25 1.20000000000005 1.14999999999998 1.10000000000002 1.04999999999995 1 0.950000000000045 0.899999999999977 0.850000000000023 0.799999999999955 0.75 0.700000000000045 0.649999999999977 0.600000000000023 0.549999999999954 0.5 0.450000000000046 0.399999999999977 0.350000000000023 0.299999999999954 0.25 0.200000000000045 0.149999999999977 0.100000000000023 0.0499999999999545 0 -0.0499999999999545 -0.100000000000023 -0.149999999999977 -0.200000000000045 -0.25 -0.299999999999954 -0.350000000000023 -0.399999999999977 -0.450000000000046 -0.5 -0.549999999999954 -0.600000000000023 -0.649999999999977 -0.700000000000045 -0.75 -0.799999999999955 -0.850000000000023 -0.899999999999977 -0.950000000000045 -1 -1.04999999999995 -1.10000000000002 -1.14999999999998 -1.20000000000005 -1.25 -1.29999999999995 -1.35000000000002 -1.39999999999998 -1.45000000000005 -1.5

[Info 1]
Region Name=O1s_FE_750
Lens Mode=SwiftAcc_HiPP3L
Pass Energy=200
Number of Sweeps=1
Excitation Energy=750
Energy Scale=Binding
Acquisition Mode=Swept
Energy Unit=Kinetic
Center Energy=750
Low Energy=748.5
High Energy=751.5
Energy Step=0.05
Step Time=58
Detector First X-Channel=1
Detector Last X-Channel=512
Detector First Y-Channel=1
Detector Last Y-Channel=440
Number of Slices=1
File=W:\commissioning\endstation\raw\20200710\XPS_0087.pxt,.txt
Sequence=S:\hippie\commissioning\endstation\raw\20200710\seq_piezo.seq
Spectrum Name=XPS_087
Instrument=HiPP-3L-9676
Location=MaxIV
User=MaxIV
Sample=
Comments=
Date=2020-07-11
Time=01:35:27
Time per Spectrum Channel=15.428
DetectorMode=ADC
[Run Mode Information 1]



[Data 1]
 1.50000000000000E+0000  3.93381500244141E+0001
 1.45000000000005E+0000  3.90490379333496E+0001
 1.39999999999998E+0000  3.87086219787598E+0001
 1.35000000000002E+0000  3.93757667541504E+0001
 1.29999999999995E+0000  3.78587455749512E+0001
 1.25000000000000E+0000  3.76280097961426E+0001
 1.20000000000005E+0000  3.63730316162109E+0001
 1.14999999999998E+0000  3.54375724792480E+0001
 1.10000000000002E+0000  3.48635597229004E+0001
 1.04999999999995E+0000  3.50404167175293E+0001
 1.00000000000000E+0000  3.50056991577148E+0001
 9.50000000000045E-0001  3.44912033081055E+0001
 8.99999999999977E-0001  3.45847434997559E+0001
 8.50000000000023E-0001  3.37014923095703E+0001
 7.99999999999955E-0001  3.25544128417969E+0001
 7.50000000000000E-0001  3.29895324707031E+0001
 7.00000000000045E-0001  3.37858848571777E+0001
 6.49999999999977E-0001  3.13932666778564E+0001
 6.00000000000023E-0001  3.19462795257568E+0001
 5.49999999999954E-0001  3.19745674133301E+0001
 5.00000000000000E-0001  3.15019149780273E+0001
 4.50000000000046E-0001  3.14137592315674E+0001
 3.99999999999977E-0001  3.06515865325928E+0001
 3.50000000000023E-0001  3.12424907684326E+0001
 2.99999999999954E-0001  3.13525600433350E+0001
 2.50000000000000E-0001  2.89667224884033E+0001
 2.00000000000045E-0001  2.77178325653076E+0001
 1.49999999999977E-0001  2.64597358703613E+0001
 1.00000000000023E-0001  2.38192996978760E+0001
 4.99999999999545E-0002  2.03063049316406E+0001
 0.00000000000000E+0000  1.57035617828369E+0001
-4.99999999999545E-0002  1.16259307861328E+0001
-1.00000000000023E-0001  8.17632579803467E+0000
-1.49999999999977E-0001  6.03633069992065E+0000
-2.00000000000045E-0001  4.29197597503662E+0000
-2.50000000000000E-0001  3.01403427124023E+0000
-2.99999999999954E-0001  1.88191211223602E+0000
-3.50000000000023E-0001  1.32795107364655E+0000
-3.99999999999977E-0001  7.65387713909149E-0001
-4.50000000000046E-0001  3.50262701511383E-0001
-5.00000000000000E-0001  2.62431144714355E-0001
-5.49999999999954E-0001  1.74203529953957E-0001
-6.00000000000023E-0001  5.44735491275787E-0002
-6.49999999999977E-0001  5.60077652335167E-0002
-7.00000000000045E-0001  5.30594848096371E-0002
-7.50000000000000E-0001  3.70354168117046E-0002
-7.99999999999955E-0001  5.30373044312000E-0002
-8.50000000000023E-0001  7.17221871018410E-0002
-8.99999999999977E-0001  7.67130777239800E-0002
-9.50000000000045E-0001  5.99448420107365E-0002
-1.00000000000000E+0000  9.92985069751740E-0002
-1.04999999999995E+0000  1.32490932941437E-0001
-1.10000000000002E+0000  6.08201511204243E-0002
-1.14999999999998E+0000  5.04732280969620E-0002
-1.20000000000005E+0000  6.29646480083466E-0002
-1.25000000000000E+0000  1.10408157110214E-0001
-1.29999999999995E+0000  1.36669933795929E-0001
-1.35000000000002E+0000  5.63860200345516E-0002
-1.39999999999998E+0000  3.37515920400620E-0002
-1.45000000000005E+0000  1.93120893090963E-0002
-1.50000000000000E+0000  1.44254323095083E-0002

