[Info]
Number of Regions=0001
Version=1.3.1

[Region 1]
Region Name=C1s_GPh
Dimension 1 name=Binding Energy [eV]
Dimension 1 size=71
Dimension 1 scale=295 294.9 294.8 294.7 294.6 294.5 294.4 294.3 294.2 294.1 294 293.9 293.8 293.7 293.6 293.5 293.4 293.3 293.2 293.1 293 292.9 292.8 292.7 292.6 292.5 292.4 292.3 292.2 292.1 292 291.9 291.8 291.7 291.6 291.5 291.4 291.3 291.2 291.1 291 290.9 290.8 290.7 290.6 290.5 290.4 290.3 290.2 290.1 290 289.9 289.8 289.7 289.6 289.5 289.4 289.3 289.2 289.1 289 288.9 288.8 288.7 288.6 288.5 288.4 288.3 288.2 288.1 288

[Info 1]
Region Name=C1s_GPh
Lens Mode=SwiftAcc_HiPP3L
Pass Energy=200
Number of Sweeps=10
Excitation Energy=750
Energy Scale=Binding
Acquisition Mode=Swept
Energy Unit=Kinetic
Center Energy=458.5
Low Energy=455
High Energy=462
Energy Step=0.1
Step Time=60
Detector First X-Channel=1
Detector Last X-Channel=512
Detector First Y-Channel=1
Detector Last Y-Channel=440
Number of Slices=1
File=W:\commissioning\endstation\raw\20200710\XPS_0078.pxt,.txt
Sequence=S:\hippie\commissioning\endstation\raw\20200710\seq_piezo.seq
Spectrum Name=XPS_078
Instrument=HiPP-3L-9676
Location=MaxIV
User=MaxIV
Sample=
Comments=
Date=2020-07-10
Time=23:33:14
Time per Spectrum Channel=80.4
DetectorMode=ADC
[Run Mode Information 1]



[Data 1]
 2.95000000000000E+0002  4.97176765929908E-0002
 2.94900000000000E+0002  5.09398758586030E-0002
 2.94800000000000E+0002  8.71133617592932E-0002
 2.94700000000000E+0002  5.86993735050783E-0002
 2.94600000000000E+0002  9.18483939021826E-0002
 2.94500000000000E+0002  7.23029864020646E-0002
 2.94400000000000E+0002  7.59212843840942E-0002
 2.94300000000000E+0002  4.40031366888434E-0002
 2.94200000000000E+0002  8.48604780621827E-0002
 2.94100000000000E+0002  4.81016610865481E-0002
 2.94000000000000E+0002  5.04165034756170E-0002
 2.93900000000000E+0002  5.47317519418584E-0002
 2.93800000000000E+0002  6.23094989368838E-0002
 2.93700000000000E+0002  5.98926397506148E-0002
 2.93600000000000E+0002  4.45935037220124E-0002
 2.93500000000000E+0002  6.69885801617056E-0002
 2.93400000000000E+0002  5.86243797333736E-0002
 2.93300000000000E+0002  6.03503666934557E-0002
 2.93200000000000E+0002  4.34329531271942E-0002
 2.93100000000000E+0002  5.22472655866295E-0002
 2.93000000000000E+0002  7.86013066535816E-0002
 2.92900000000000E+0002  1.52841959614307E-0001
 2.92800000000000E+0002  1.33265833836049E-0001
 2.92700000000000E+0002  1.46873453631997E-0001
 2.92600000000000E+0002  9.89609285024926E-0002
 2.92500000000000E+0002  1.49499299470335E-0001
 2.92400000000000E+0002  1.50157818803564E-0001
 2.92300000000000E+0002  1.22282065683976E-0001
 2.92200000000000E+0002  9.35447167139500E-0002
 2.92100000000000E+0002  1.22871406376362E-0001
 2.92000000000000E+0002  1.16430970374495E-0001
 2.91900000000000E+0002  1.21863761916757E-0001
 2.91800000000000E+0002  2.42485535331070E-0001
 2.91700000000000E+0002  3.13473420217633E-0001
 2.91600000000000E+0002  4.63043091818690E-0001
 2.91500000000000E+0002  6.63694679737091E-0001
 2.91400000000000E+0002  7.02657870948315E-0001
 2.91300000000000E+0002  9.45938885211945E-0001
 2.91200000000000E+0002  9.15231131017208E-0001
 2.91100000000000E+0002  9.25071034580469E-0001
 2.91000000000000E+0002  7.46267534792423E-0001
 2.90900000000000E+0002  5.39026595652103E-0001
 2.90800000000000E+0002  3.41712759807706E-0001
 2.90700000000000E+0002  2.06217620521784E-0001
 2.90600000000000E+0002  1.77792607340962E-0001
 2.90500000000000E+0002  9.92419614922255E-0002
 2.90400000000000E+0002  6.18383486289531E-0002
 2.90300000000000E+0002  5.12494181166403E-0002
 2.90200000000000E+0002  6.22940394096077E-0002
 2.90100000000000E+0002  4.61929732118733E-0002
 2.90000000000000E+0002  5.28001895363559E-0002
 2.89900000000000E+0002  5.12060613837093E-0002
 2.89800000000000E+0002  5.67015149863437E-0002
 2.89700000000000E+0002  6.21713458094746E-0002
 2.89600000000000E+0002  4.79574687778950E-0002
 2.89500000000000E+0002  4.48765386245213E-0002
 2.89400000000000E+0002  5.91460224241018E-0002
 2.89300000000000E+0002  6.92432590294629E-0002
 2.89200000000000E+0002  9.57938216160983E-0002
 2.89100000000000E+0002  7.63553094875533E-0002
 2.89000000000000E+0002  1.14917014725506E-0001
 2.88900000000000E+0002  7.19281586352736E-0002
 2.88800000000000E+0002  5.83525201236625E-0002
 2.88700000000000E+0002  6.03671304706950E-0002
 2.88600000000000E+0002  9.84733598925231E-0002
 2.88500000000000E+0002  5.74721777229570E-0002
 2.88400000000000E+0002  3.30423016785062E-0002
 2.88300000000000E+0002  5.21746202721260E-0002
 2.88200000000000E+0002  5.67772589274682E-0002
 2.88100000000000E+0002  5.83406672812998E-0002
 2.88000000000000E+0002  5.40406417567283E-0002

