[Info]
Number of Regions=0001
Version=1.3.1

[Region 1]
Region Name=O1s_GPh
Dimension 1 name=Binding Energy [eV]
Dimension 1 size=121
Dimension 1 scale=542 541.95 541.9 541.85 541.8 541.75 541.7 541.65 541.6 541.55 541.5 541.45 541.4 541.35 541.3 541.25 541.2 541.15 541.1 541.05 541 540.95 540.9 540.85 540.8 540.75 540.7 540.65 540.6 540.55 540.5 540.45 540.4 540.35 540.3 540.25 540.2 540.15 540.1 540.05 540 539.95 539.9 539.85 539.8 539.75 539.7 539.65 539.6 539.55 539.5 539.45 539.4 539.35 539.3 539.25 539.2 539.15 539.1 539.05 539 538.95 538.9 538.85 538.8 538.75 538.7 538.65 538.6 538.55 538.5 538.45 538.4 538.35 538.3 538.25 538.2 538.15 538.1 538.05 538 537.95 537.9 537.85 537.8 537.75 537.7 537.65 537.6 537.55 537.5 537.45 537.4 537.35 537.3 537.25 537.2 537.15 537.1 537.05 537 536.95 536.9 536.85 536.8 536.75 536.7 536.65 536.6 536.55 536.5 536.45 536.4 536.35 536.3 536.25 536.2 536.15 536.1 536.05 536

[Info 1]
Region Name=O1s_GPh
Lens Mode=SwiftAcc_HiPP3L
Pass Energy=200
Number of Sweeps=4
Excitation Energy=750
Energy Scale=Binding
Acquisition Mode=Swept
Energy Unit=Kinetic
Center Energy=211
Low Energy=208
High Energy=214
Energy Step=0.05
Step Time=98
Detector First X-Channel=1
Detector Last X-Channel=512
Detector First Y-Channel=1
Detector Last Y-Channel=440
Number of Slices=1
File=W:\commissioning\endstation\raw\20200710\XPS_0008.pxt,.txt
Sequence=S:\hippie\commissioning\endstation\raw\20200710\seq_piezo.seq
Spectrum Name=XPS_008
Instrument=HiPP-3L-9676
Location=MaxIV
User=MaxIV
Sample=
Comments=
Date=2020-07-10
Time=09:34:25
Time per Spectrum Channel=104.272
DetectorMode=ADC
[Run Mode Information 1]



[Data 1]
 5.42000000000000E+0002  6.91560013219714E-0002
 5.41950000000000E+0002  9.69187868759036E-0002
 5.41900000000000E+0002  1.78102606907487E-0001
 5.41850000000000E+0002  1.23503027949482E-0001
 5.41800000000000E+0002  1.91143557429314E-0001
 5.41750000000000E+0002  1.02211420424283E-0001
 5.41700000000000E+0002  9.72889466211200E-0002
 5.41650000000000E+0002  1.01354998536408E-0001
 5.41600000000000E+0002  1.93040611222386E-0001
 5.41550000000000E+0002  1.30641382187605E-0001
 5.41500000000000E+0002  1.09787592664361E-0001
 5.41450000000000E+0002  1.34128326550126E-0001
 5.41400000000000E+0002  1.55066065490246E-0001
 5.41350000000000E+0002  1.22157421894372E-0001
 5.41300000000000E+0002  1.27340243197978E-0001
 5.41250000000000E+0002  2.04944964498281E-0001
 5.41200000000000E+0002  1.49247907102108E-0001
 5.41150000000000E+0002  1.62204355467111E-0001
 5.41100000000000E+0002  2.07026047632098E-0001
 5.41050000000000E+0002  1.76103617995977E-0001
 5.41000000000000E+0002  2.48492538928986E-0001
 5.40950000000000E+0002  3.95423591136932E-0001
 5.40900000000000E+0002  2.39676296710968E-0001
 5.40850000000000E+0002  3.21182221174240E-0001
 5.40800000000000E+0002  3.94268482923508E-0001
 5.40750000000000E+0002  5.38002625107765E-0001
 5.40700000000000E+0002  6.96042917668819E-0001
 5.40650000000000E+0002  8.21497991681099E-0001
 5.40600000000000E+0002  1.23685617744923E+0000
 5.40550000000000E+0002  1.47783666849136E+0000
 5.40500000000000E+0002  1.63999965786934E+0000
 5.40450000000000E+0002  1.92676535248756E+0000
 5.40400000000000E+0002  2.24945807456970E+0000
 5.40350000000000E+0002  2.87429797649384E+0000
 5.40300000000000E+0002  2.89171320199966E+0000
 5.40250000000000E+0002  2.94041472673416E+0000
 5.40200000000000E+0002  2.60425305366516E+0000
 5.40150000000000E+0002  2.24318090081215E+0000
 5.40100000000000E+0002  2.05874425172806E+0000
 5.40050000000000E+0002  1.59739559888840E+0000
 5.40000000000000E+0002  1.40166598558426E+0000
 5.39950000000000E+0002  1.15751144289970E+0000
 5.39900000000000E+0002  7.93231636285782E-0001
 5.39850000000000E+0002  8.69247883558273E-0001
 5.39800000000000E+0002  7.49971538782120E-0001
 5.39750000000000E+0002  6.66433140635490E-0001
 5.39700000000000E+0002  6.79683968424797E-0001
 5.39650000000000E+0002  8.31919640302658E-0001
 5.39600000000000E+0002  8.89224991202354E-0001
 5.39550000000000E+0002  1.11313678324223E+0000
 5.39500000000000E+0002  1.51773819327354E+0000
 5.39450000000000E+0002  2.03219333291054E+0000
 5.39400000000000E+0002  3.34034675359726E+0000
 5.39350000000000E+0002  4.21462404727936E+0000
 5.39300000000000E+0002  5.47828125953674E+0000
 5.39250000000000E+0002  6.46072113513946E+0000
 5.39200000000000E+0002  7.12405824661255E+0000
 5.39150000000000E+0002  6.65476846694946E+0000
 5.39100000000000E+0002  5.64172875881195E+0000
 5.39050000000000E+0002  5.61593353748322E+0000
 5.39000000000000E+0002  4.87020266056061E+0000
 5.38950000000000E+0002  4.43827438354492E+0000
 5.38900000000000E+0002  3.39848375320435E+0000
 5.38850000000000E+0002  2.31800484657288E+0000
 5.38800000000000E+0002  1.76545026898384E+0000
 5.38750000000000E+0002  1.40450546145439E+0000
 5.38700000000000E+0002  1.05497504770756E+0000
 5.38650000000000E+0002  8.74130710959434E-0001
 5.38600000000000E+0002  1.07552111148834E+0000
 5.38550000000000E+0002  1.16694985330105E+0000
 5.38500000000000E+0002  9.92757633328438E-0001
 5.38450000000000E+0002  1.20848158001900E+0000
 5.38400000000000E+0002  1.40412104129791E+0000
 5.38350000000000E+0002  1.16304156184196E+0000
 5.38300000000000E+0002  1.22123917937279E+0000
 5.38250000000000E+0002  1.00973698496819E+0000
 5.38200000000000E+0002  9.13400843739510E-0001
 5.38150000000000E+0002  7.98041313886642E-0001
 5.38100000000000E+0002  7.01503351330757E-0001
 5.38050000000000E+0002  5.22051498293877E-0001
 5.38000000000000E+0002  4.33459419757128E-0001
 5.37950000000000E+0002  2.90244575589895E-0001
 5.37900000000000E+0002  2.45584040880203E-0001
 5.37850000000000E+0002  1.85459569096565E-0001
 5.37800000000000E+0002  1.63398642558604E-0001
 5.37750000000000E+0002  1.26453608274460E-0001
 5.37700000000000E+0002  9.46283228695393E-0002
 5.37650000000000E+0002  1.07370921061374E-0001
 5.37600000000000E+0002  1.43431148491800E-0001
 5.37550000000000E+0002  8.84015653282404E-0002
 5.37500000000000E+0002  7.64494985342026E-0002
 5.37450000000000E+0002  6.83614201843738E-0002
 5.37400000000000E+0002  1.08595896512270E-0001
 5.37350000000000E+0002  1.21037265285850E-0001
 5.37300000000000E+0002  1.02636069990695E-0001
 5.37250000000000E+0002  6.84014214202762E-0002
 5.37200000000000E+0002  7.29412236250937E-0002
 5.37150000000000E+0002  9.30823944509029E-0002
 5.37100000000000E+0002  9.18203927576542E-0002
 5.37050000000000E+0002  1.14671304821968E-0001
 5.37000000000000E+0002  9.61088370531797E-0002
 5.36950000000000E+0002  9.22364359721541E-0002
 5.36900000000000E+0002  9.54902153462172E-0002
 5.36850000000000E+0002  6.23612357303500E-0002
 5.36800000000000E+0002  5.76527323573828E-0002
 5.36750000000000E+0002  5.33766387961805E-0002
 5.36700000000000E+0002  9.73960645496845E-0002
 5.36650000000000E+0002  7.38761778920889E-0002
 5.36600000000000E+0002  8.78938753157854E-0002
 5.36550000000000E+0002  7.74089461192489E-0002
 5.36500000000000E+0002  4.21153780189343E-0002
 5.36450000000000E+0002  7.68919056281447E-0002
 5.36400000000000E+0002  4.15967255830765E-0002
 5.36350000000000E+0002  3.61200495390222E-0002
 5.36300000000000E+0002  7.00871022418141E-0002
 5.36250000000000E+0002  4.28448957391083E-0002
 5.36200000000000E+0002  7.70316151902080E-0002
 5.36150000000000E+0002  6.99201037641615E-0002
 5.36100000000000E+0002  6.10179640352726E-0002
 5.36050000000000E+0002  4.86626592464745E-0002
 5.36000000000000E+0002  1.28501442413835E-0002

