[Info]
Number of Regions=0001
Version=1.3.1

[Region 1]
Region Name=O 1s
Dimension 1 name=Binding Energy [eV]
Dimension 1 size=161
Dimension 1 scale=542 541.9 541.8 541.7 541.6 541.5 541.4 541.3 541.2 541.1 541 540.9 540.8 540.7 540.6 540.5 540.4 540.3 540.2 540.1 540 539.9 539.8 539.7 539.6 539.5 539.4 539.3 539.2 539.1 539 538.9 538.8 538.7 538.6 538.5 538.4 538.3 538.2 538.1 538 537.9 537.8 537.7 537.6 537.5 537.4 537.3 537.2 537.1 537 536.9 536.8 536.7 536.6 536.5 536.4 536.3 536.2 536.1 536 535.9 535.8 535.7 535.6 535.5 535.4 535.3 535.2 535.1 535 534.9 534.8 534.7 534.6 534.5 534.4 534.3 534.2 534.1 534 533.9 533.8 533.7 533.6 533.5 533.4 533.3 533.2 533.1 533 532.9 532.8 532.7 532.6 532.5 532.4 532.3 532.2 532.1 532 531.9 531.8 531.7 531.6 531.5 531.4 531.3 531.2 531.1 531 530.9 530.8 530.7 530.6 530.5 530.4 530.3 530.2 530.1 530 529.9 529.8 529.7 529.6 529.5 529.4 529.3 529.2 529.1 529 528.9 528.8 528.7 528.6 528.5 528.4 528.3 528.2 528.1 528 527.9 527.8 527.7 527.6 527.5 527.4 527.3 527.2 527.1 527 526.9 526.8 526.7 526.6 526.5 526.4 526.3 526.2 526.1 526

[Info 1]
Region Name=O 1s
Lens Mode=SwiftAcc_HiPP3L
Pass Energy=200
Number of Sweeps=4
Excitation Energy=750
Energy Scale=Binding
Acquisition Mode=Swept
Energy Unit=Kinetic
Center Energy=216
Low Energy=208
High Energy=224
Energy Step=0.1
Step Time=98
Detector First X-Channel=1
Detector Last X-Channel=512
Detector First Y-Channel=1
Detector Last Y-Channel=440
Number of Slices=1
File=W:\commissioning\endstation\raw\20200710\XPS_0012.pxt,.txt
Sequence=S:\hippie\commissioning\endstation\raw\20200710\seq_piezo.seq
Spectrum Name=XPS_012
Instrument=HiPP-3L-9676
Location=MaxIV
User=MaxIV
Sample=
Comments=
Date=2020-07-10
Time=09:51:06
Time per Spectrum Channel=52.528
DetectorMode=ADC
[Run Mode Information 1]



[Data 1]
 5.42000000000000E+0002  1.25384595990181E+0000
 5.41900000000000E+0002  1.27232223749161E+0000
 5.41800000000000E+0002  1.23958003520966E+0000
 5.41700000000000E+0002  1.39108458161354E+0000
 5.41600000000000E+0002  1.32520729303360E+0000
 5.41500000000000E+0002  1.48868593573570E+0000
 5.41400000000000E+0002  1.52537295222282E+0000
 5.41300000000000E+0002  1.43781322240829E+0000
 5.41200000000000E+0002  1.39652588963509E+0000
 5.41100000000000E+0002  1.41105282306671E+0000
 5.41000000000000E+0002  1.26016002893448E+0000
 5.40900000000000E+0002  1.23405569791794E+0000
 5.40800000000000E+0002  1.39864337444305E+0000
 5.40700000000000E+0002  1.38647869229317E+0000
 5.40600000000000E+0002  1.18311199545860E+0000
 5.40500000000000E+0002  1.44658577442169E+0000
 5.40400000000000E+0002  1.46932283043861E+0000
 5.40300000000000E+0002  1.44378715753555E+0000
 5.40200000000000E+0002  1.53588485717773E+0000
 5.40100000000000E+0002  1.43721383810043E+0000
 5.40000000000000E+0002  1.46039187908173E+0000
 5.39900000000000E+0002  1.50578358769417E+0000
 5.39800000000000E+0002  1.36908474564552E+0000
 5.39700000000000E+0002  1.39480605721474E+0000
 5.39600000000000E+0002  1.37651407718658E+0000
 5.39500000000000E+0002  1.73484429717064E+0000
 5.39400000000000E+0002  1.39667084813118E+0000
 5.39300000000000E+0002  1.38794249296188E+0000
 5.39200000000000E+0002  1.56856596469879E+0000
 5.39100000000000E+0002  1.40979012846947E+0000
 5.39000000000000E+0002  1.39491406083107E+0000
 5.38900000000000E+0002  1.34247758984566E+0000
 5.38800000000000E+0002  1.42948836088181E+0000
 5.38700000000000E+0002  1.39960819482803E+0000
 5.38600000000000E+0002  1.25518763065338E+0000
 5.38500000000000E+0002  1.44569846987724E+0000
 5.38400000000000E+0002  1.26677522063255E+0000
 5.38300000000000E+0002  1.46014717221260E+0000
 5.38200000000000E+0002  1.34847220778465E+0000
 5.38100000000000E+0002  1.33706477284431E+0000
 5.38000000000000E+0002  1.22333692014217E+0000
 5.37900000000000E+0002  1.23834162950516E+0000
 5.37800000000000E+0002  1.33721968531609E+0000
 5.37700000000000E+0002  1.29511475563049E+0000
 5.37600000000000E+0002  1.36318400502205E+0000
 5.37500000000000E+0002  1.21219238638878E+0000
 5.37400000000000E+0002  1.09105181694031E+0000
 5.37300000000000E+0002  1.37077850103378E+0000
 5.37200000000000E+0002  1.28319922089577E+0000
 5.37100000000000E+0002  1.33890068531036E+0000
 5.37000000000000E+0002  1.33317837119102E+0000
 5.36900000000000E+0002  1.22958633303642E+0000
 5.36800000000000E+0002  1.30564913153648E+0000
 5.36700000000000E+0002  1.38093453645706E+0000
 5.36600000000000E+0002  1.24967905879021E+0000
 5.36500000000000E+0002  1.24663242697716E+0000
 5.36400000000000E+0002  1.32884237170219E+0000
 5.36300000000000E+0002  1.27314397692680E+0000
 5.36200000000000E+0002  1.32673171162605E+0000
 5.36100000000000E+0002  1.40311175584793E+0000
 5.36000000000000E+0002  1.35731032490730E+0000
 5.35900000000000E+0002  1.26464241743088E+0000
 5.35800000000000E+0002  1.25529310107231E+0000
 5.35700000000000E+0002  1.25999814271927E+0000
 5.35600000000000E+0002  1.22636151313782E+0000
 5.35500000000000E+0002  1.26910084486008E+0000
 5.35400000000000E+0002  1.37122523784637E+0000
 5.35300000000000E+0002  1.31474933028221E+0000
 5.35200000000000E+0002  1.24396538734436E+0000
 5.35100000000000E+0002  1.29352876543999E+0000
 5.35000000000000E+0002  1.33983504772186E+0000
 5.34900000000000E+0002  1.27046641707420E+0000
 5.34800000000000E+0002  1.32168430089951E+0000
 5.34700000000000E+0002  1.39203536510468E+0000
 5.34600000000000E+0002  1.22533637285233E+0000
 5.34500000000000E+0002  1.34640887379646E+0000
 5.34400000000000E+0002  1.37804564833641E+0000
 5.34300000000000E+0002  1.39908856153488E+0000
 5.34200000000000E+0002  1.43383175134659E+0000
 5.34100000000000E+0002  1.46018594503403E+0000
 5.34000000000000E+0002  1.58711913228035E+0000
 5.33900000000000E+0002  1.43632763624191E+0000
 5.33800000000000E+0002  1.61726534366608E+0000
 5.33700000000000E+0002  1.77104625105858E+0000
 5.33600000000000E+0002  1.70222038030624E+0000
 5.33500000000000E+0002  1.81801250576973E+0000
 5.33400000000000E+0002  1.86745920777321E+0000
 5.33300000000000E+0002  1.87018784880638E+0000
 5.33200000000000E+0002  1.81813216209412E+0000
 5.33100000000000E+0002  1.89359262585640E+0000
 5.33000000000000E+0002  2.06725928187370E+0000
 5.32900000000000E+0002  2.08424317836761E+0000
 5.32800000000000E+0002  2.16378191113472E+0000
 5.32700000000000E+0002  2.26442581415176E+0000
 5.32600000000000E+0002  2.52182734012604E+0000
 5.32500000000000E+0002  2.35426032543182E+0000
 5.32400000000000E+0002  2.32801258563995E+0000
 5.32300000000000E+0002  2.19990602135658E+0000
 5.32200000000000E+0002  2.33012354373932E+0000
 5.32100000000000E+0002  2.57129395008087E+0000
 5.32000000000000E+0002  2.48174166679382E+0000
 5.31900000000000E+0002  2.28454232215881E+0000
 5.31800000000000E+0002  2.55314677953720E+0000
 5.31700000000000E+0002  2.46900153160095E+0000
 5.31600000000000E+0002  2.88873761892319E+0000
 5.31500000000000E+0002  2.54635852575302E+0000
 5.31400000000000E+0002  2.74275791645050E+0000
 5.31300000000000E+0002  2.79913353919983E+0000
 5.31200000000000E+0002  2.87704688310623E+0000
 5.31100000000000E+0002  2.83299237489700E+0000
 5.31000000000000E+0002  2.89347624778748E+0000
 5.30900000000000E+0002  3.01367413997650E+0000
 5.30800000000000E+0002  2.98870968818665E+0000
 5.30700000000000E+0002  3.09638434648514E+0000
 5.30600000000000E+0002  3.09409451484680E+0000
 5.30500000000000E+0002  2.85539156198502E+0000
 5.30400000000000E+0002  3.07889455556870E+0000
 5.30300000000000E+0002  3.00808268785477E+0000
 5.30200000000000E+0002  3.04378700256348E+0000
 5.30100000000000E+0002  2.96913617849350E+0000
 5.30000000000000E+0002  2.71442401409149E+0000
 5.29900000000000E+0002  2.67585402727127E+0000
 5.29800000000000E+0002  2.58031719923019E+0000
 5.29700000000000E+0002  2.48858988285065E+0000
 5.29600000000000E+0002  2.43638235330582E+0000
 5.29500000000000E+0002  2.15908426046371E+0000
 5.29400000000000E+0002  2.04826691746712E+0000
 5.29300000000000E+0002  2.02254760265350E+0000
 5.29200000000000E+0002  1.70292961597443E+0000
 5.29100000000000E+0002  1.81923642754555E+0000
 5.29000000000000E+0002  1.44135415554047E+0000
 5.28900000000000E+0002  1.49815607070923E+0000
 5.28800000000000E+0002  1.47005254030228E+0000
 5.28700000000000E+0002  1.35382026433945E+0000
 5.28600000000000E+0002  1.32584354281425E+0000
 5.28500000000000E+0002  1.34757626056671E+0000
 5.28400000000000E+0002  1.24476033449173E+0000
 5.28300000000000E+0002  1.27339521050453E+0000
 5.28200000000000E+0002  1.24980819225311E+0000
 5.28100000000000E+0002  1.26664277911186E+0000
 5.28000000000000E+0002  1.19618394970894E+0000
 5.27900000000000E+0002  1.20988872647285E+0000
 5.27800000000000E+0002  1.15761888027191E+0000
 5.27700000000000E+0002  1.13504368066788E+0000
 5.27600000000000E+0002  1.23810562491417E+0000
 5.27500000000000E+0002  1.28901818394661E+0000
 5.27400000000000E+0002  1.35917744040489E+0000
 5.27300000000000E+0002  1.32951688766479E+0000
 5.27200000000000E+0002  1.24891060590744E+0000
 5.27100000000000E+0002  1.33960089087486E+0000
 5.27000000000000E+0002  1.28834176063538E+0000
 5.26900000000000E+0002  1.34703445434570E+0000
 5.26800000000000E+0002  1.24910050630569E+0000
 5.26700000000000E+0002  1.26797711849213E+0000
 5.26600000000000E+0002  1.23909467458725E+0000
 5.26500000000000E+0002  1.25010544061661E+0000
 5.26400000000000E+0002  1.09111925959587E+0000
 5.26300000000000E+0002  1.33039423823357E+0000
 5.26200000000000E+0002  1.20232892036438E+0000
 5.26100000000000E+0002  1.18885999917984E+0000
 5.26000000000000E+0002  1.24155187606812E+0000

